Coordinates along the route:
12.87996, 78.98819
12.879930000000002, 78.98856
12.879970000000002, 78.98856
12.880600000000001, 78.98853000000001
12.881350000000001, 78.9886
12.881530000000001, 78.98863
12.881770000000001, 78.98871000000001
12.882200000000001, 78.98887
12.88255, 78.98895
12.882760000000001, 78.98898000000001
12.882950000000001, 78.98905
12.88334, 78.98916000000001
12.883690000000001, 78.98922
12.884020000000001, 78.98931
12.88452, 78.98972
12.884780000000001, 78.98983000000001
12.885140000000002, 78.98993
12.885190000000001, 78.98995000000001
12.88554, 78.99034
12.885840000000002, 78.99061
12.88596, 78.99069
12.886080000000002, 78.9907
12.88615, 78.99071
12.886280000000001, 78.99078
12.88653, 78.99096
12.886970000000002, 78.99125000000001
12.887360000000001, 78.99135000000001
12.887720000000002, 78.99148000000001
12.888090000000002, 78.99169
12.88818, 78.99178
12.88841, 78.99202000000001
12.888720000000001, 78.99224000000001
12.889120000000002, 78.99248
12.88958, 78.99284
12.889650000000001, 78.99274000000001
12.889990000000001, 78.99236
12.890480000000002, 78.99181
12.891140000000002, 78.99109
12.89164, 78.99053
12.892990000000001, 78.98855
12.89441, 78.98647000000001
12.89474, 78.9859
12.8953, 78.98488
12.89549, 78.9846
12.895890000000001, 78.98399
12.896450000000002, 78.98317
12.89722, 78.9821
12.898100000000001, 78.98091000000001
12.89836, 78.98062
12.899180000000001, 78.98
12.89999, 78.97944000000001
12.900350000000001, 78.97915
12.90094, 78.9787
12.901150000000001, 78.97857
12.90249, 78.97755000000001
12.9037, 78.97667000000001
12.903920000000001, 78.97647
12.905600000000002, 78.97527000000001
12.907440000000001, 78.97395
12.90806, 78.97351
12.90895, 78.97298
12.909080000000001, 78.97294000000001
12.909170000000001, 78.97354
12.90956, 78.97624
12.91032, 78.98118000000001
12.910470000000002, 78.98251
12.91051, 78.98379000000001
12.91056, 78.98840000000001
12.9106, 78.99046000000001
12.910680000000001, 78.99181
12.91084, 78.99417000000001
12.911130000000002, 78.99903
12.91131, 79.00182000000001
12.91145, 79.0039
12.911880000000002, 79.00775
12.911940000000001, 79.00842
12.912120000000002, 79.01205
12.91225, 79.01444000000001
12.912300000000002, 79.01559
12.912360000000001, 79.01610000000001
12.912420000000001, 79.0164
12.912770000000002, 79.01737
12.9137, 79.01971
12.914760000000001, 79.02241000000001
12.91492, 79.02281
12.915080000000001, 79.02327000000001
12.91534, 79.02406
12.915450000000002, 79.02461000000001
12.915470000000001, 79.02488000000001
12.915590000000002, 79.02635000000001
12.915890000000001, 79.03028
12.91599, 79.03114000000001
12.916020000000001, 79.03127
12.916200000000002, 79.03329000000001
12.916350000000001, 79.03495000000001
12.916620000000002, 79.03743
12.916770000000001, 79.03944000000001
12.91684, 79.04019000000001
12.91703, 79.04185000000001
12.91717, 79.04365
12.917380000000001, 79.04604
12.917440000000001, 79.04736000000001
12.917390000000001, 79.04809
12.917230000000002, 79.04922
12.91708, 79.04995000000001
12.916590000000001, 79.05235
12.916430000000002, 79.05315
12.91623, 79.05474000000001
12.916020000000001, 79.05647
12.9158, 79.05828000000001
12.91566, 79.05968
12.91534, 79.06207
12.915090000000001, 79.0639
12.914980000000002, 79.06513000000001
12.91492, 79.06621000000001
12.91491, 79.06643000000001
12.91482, 79.06909
12.91477, 79.07112000000001
12.91473, 79.0737
12.914710000000001, 79.07626
12.914740000000002, 79.07867
12.914700000000002, 79.07998
12.914750000000002, 79.08058000000001
12.914800000000001, 79.0832
12.914930000000002, 79.08434000000001
12.91515, 79.08546000000001
12.915750000000001, 79.08723
12.916590000000001, 79.0895
12.91689, 79.09027
12.917200000000001, 79.09105000000001
12.917720000000001, 79.09185000000001
12.919170000000001, 79.09379000000001
12.919810000000002, 79.09473000000001
12.91993, 79.09489
12.92082, 79.09615000000001
12.921510000000001, 79.09711
12.92204, 79.09782000000001
12.922320000000001, 79.09824
12.922600000000001, 79.09874
12.922740000000001, 79.09906000000001
12.922910000000002, 79.09972
12.922970000000001, 79.10014000000001
12.922970000000001, 79.10056
12.922820000000002, 79.10291000000001
12.92265, 79.10526
12.92265, 79.10529000000001
12.92275, 79.10529000000001
12.92271, 79.10575
12.92266, 79.10658000000001
12.922580000000002, 79.10831
12.92261, 79.10876
12.92262, 79.10891000000001
12.922440000000002, 79.10896000000001
12.922270000000001, 79.10900000000001
12.922300000000002, 79.10924
12.922320000000001, 79.10966
12.922340000000002, 79.1101
12.922310000000001, 79.11053000000001
12.92223, 79.11159
12.92214, 79.11332
12.922110000000002, 79.11388000000001
12.922170000000001, 79.11455000000001
12.922270000000001, 79.11543
12.92237, 79.11614
12.92247, 79.11654
12.922530000000002, 79.11713
12.922590000000001, 79.11771
12.922730000000001, 79.11857
12.92308, 79.11991
12.92331, 79.12083000000001
12.92336, 79.12113000000001
12.92345, 79.12167000000001
12.923530000000001, 79.12203000000001
12.923620000000001, 79.12235000000001
12.923720000000001, 79.12302000000001
12.923910000000001, 79.1243
12.92402, 79.12539000000001
12.924040000000002, 79.12565000000001
12.92355, 79.12551
12.92275, 79.12523
12.92172, 79.12487
12.921330000000001, 79.12480000000001
12.920660000000002, 79.12477000000001
12.92036, 79.12478
12.919880000000001, 79.12485000000001
12.91909, 79.12506
12.918650000000001, 79.12524
12.918090000000001, 79.12552000000001
12.91792, 79.12566000000001
12.917610000000002, 79.12606000000001
12.91675, 79.12729
12.916630000000001, 79.12752
12.916570000000002, 79.12772000000001
12.916490000000001, 79.1281
12.91646, 79.12842
12.91642, 79.12947000000001
12.91483, 79.12932
12.91473, 79.12932
12.914660000000001, 79.12934000000001
12.91463, 79.1294
12.914270000000002, 79.13063000000001
12.914200000000001, 79.13077000000001
12.914150000000001, 79.13082
12.914060000000001, 79.13085000000001
12.91398, 79.13085000000001
12.913870000000001, 79.13083
12.91374, 79.13225000000001
12.91374, 79.1323
12.91458, 79.13236
12.915180000000001, 79.13251000000001
12.91553, 79.13254
12.915820000000002, 79.13254
12.91651, 79.13247000000001
